167.424
140.134
170.101
13.9877
3.49255
2.69561
-1750.59
-64709.6
-251448
62429.3
7.78408e+06
4.75884e+07
195.657
12.1979
7.26634
16.4307
16.3507
16.1863
222.51
19.7834
9.32961
116.433
17.5201
8.41396
189.491
136.724
167.453
12.5641
4.80477
3.60482
-3475.72
-23124.8
-100371
156577
1.97162e+06
1.39806e+07
157.857
23.0858
12.9947
15.7312
16.2809
16.2826
355.22
31.2886
11.8934
118.856
27.3124
13.0766
120.074
138.813
165.631
17.7853
4.37398
5.2202
-327.933
-32055.9
-32035.3
6504.89
3.04887e+06
3.04625e+06
316.319
19.1317
27.2504
17.2225
16.4937
16.2824
199.812
16.6084
13.0709
122.189
18.3766
18.8077
141.528
140.435
169.91
11.9745
1.72149
1.82026
-1686.35
-543087
-813551
59372.8
1.32887e+08
2.2779e+08
143.389
2.96353
3.31334
17.305
16.584
16.3879
102.541
10.0295
7.68651
83.7689
5.82894
3.99092
140.623
139.687
164.219
44.0717
7.93075
6.57578
-42.0546
-5516.53
-15649.1
372.007
290554
1.17054e+06
1942.32
62.8968
43.2408
15.053
15.7725
16.2374
759.17
59.1216
19.4641
282.277
46.0892
27.483
122.734
142.341
166.788
9.77966
2.27791
1.72585
-2014.01
-244161
-902816
75351.5
4.57579e+07
2.61714e+08
95.6418
5.18887
2.97855
17.0779
16.5808
16.3325
108.056
11.8907
6.15592
71.4686
9.07008
3.65932
113.546
141.691
163.359
21.0161
3.26357
3.59016
-173.891
-81960.4
-94340.1
2730.78
1.06692e+07
1.28715e+07
441.677
10.6509
12.8892
16.3061
16.4269
16.3624
293.178
23.7864
12.4266
150.932
18.7293
13.4452